1668897806138 0.2871278928220272 0
1668897852156 0.2850014050602913 0
1668897898105 0.2821516998410225 0
1668897944018 0.2810285821855068 0
1668897989956 0.2803303524553776 0
1668898035889 0.2797995621562004 0
1668898081868 0.2793877216875553 0
1668898127829 0.2790586270689964 0
1668898173802 0.27878660380840303 0
1668898219760 0.27853559479117396 0
1668898265705 0.2783545861542225 0
1668898311706 0.2782170656621456 0
1668898357674 0.27789615136384965 0
1668898403629 0.2777044652998447 0
1668898449626 0.2774942331314087 0
1668898495637 0.27732742425799367 0
1668898541639 0.277144080221653 0
1668898587628 0.2769933866560459 0
1668898633589 0.27684956738352773 0
1668898679545 0.2766785683333874 0
1668898725489 0.2765840329825878 0
1668898771429 0.27649931797385213 0
1668898817401 0.2762801939547062 0
1668898863311 0.27618422916531565 0
1668898909307 0.2760231065452099 0
1668898955213 0.2758943062722683 0
1668899001172 0.27575783658027647 0
1668899047168 0.2757213314771652 0
1668899093151 0.2755250867903233 0
1668899139128 0.2753819563984871 0
1668899185095 0.2749926809966564 0
1668899231038 0.27476938331127165 0
1668899277015 0.27448948672413825 0
1668899323037 0.27429763895273207 0
1668899369052 0.274059583991766 0
1668899415047 0.27385813039541246 0
1668899461072 0.27358648511767386 0
1668899507070 0.27337685534358025 0
1668899553006 0.2731741441786289 0
1668899598952 0.2729246154427528 0
1668899644956 0.27283975237607955 0
1668899690935 0.27246662974357605 0
1668899736956 0.2725184209644794 0
1668899782968 0.2723069930076599 0
1668899828952 0.2716325281262398 0
1668899874992 0.2712395490705967 0
1668899920950 0.2709395159482956 0
1668899966885 0.27060058802366255 0
1668900012829 0.2704910099506378 0
1668900058770 0.27015796810388565 0
1668900104723 0.2699274339079857 0
1668900150713 0.26981488811969756 0
1668900196691 0.26957399836182594 0
1668900242674 0.26932850110530854 0
1668900288662 0.2691854473054409 0
1668900334603 0.268965844810009 0
1668900380557 0.26875735595822337 0
1668900426541 0.26870443895459173 0
1668900472547 0.2686425960958004 0
1668900518585 0.2683407662212849 0
1668900564606 0.2681662304699421 0
1668900610606 0.26809999597072603 0
1668900656597 0.26797293257713317 0
1668900702596 0.26782205551862714 0
1668900748580 0.26761382693052294 0
1668900794539 0.26760775566101075 0
1668900840503 0.2675060443878174 0
1668900886455 0.26737792709469793 0
1668900932380 0.26734110856056215 0
1668900978341 0.2671716490089893 0
1668901024228 0.26717337694764137 0
1668901070165 0.2670179726183414 0
1668901116190 0.26699166211485864 0
1668901162206 0.2667779957354069 0
1668901208149 0.26682664704322817 0
1668901254069 0.2667515279948711 0
1668901300023 0.2666714077293873 0
1668901345951 0.26667653146386144 0
1668901391923 0.2666514678299427 0
1668901437854 0.2664397867321968 0
1668901483786 0.26634390085935594 0
1668901529674 0.26641045370697974 0
1668901575683 0.2662737521827221 0
1668901621717 0.266224368840456 0
1668901669031 0.2662469397783279 0
1668901715040 0.26609503889083863 0
1668901761168 0.2663676629066467 0
1668901807091 0.26605272668600083 0
1668901853060 0.2659666300714016 0
1668901898995 0.26580977284908297 0
1668901944920 0.2659699892401695 0
1668901990846 0.26576539930701254 0
1668902036765 0.2656378148794174 0
1668902082742 0.2655719783604145 0
1668902128722 0.2655942786335945 0
1668902174747 0.26574952641129496 0
1668902220764 0.26554617908596995 0
1668902266730 0.26536968278884887 0
1668902312694 0.265368584215641 0
1668902358635 0.2654205158650875 0
