1669083832656 0.2865620298683643 0
1669083879913 0.28490190210938454 0
1669083927062 0.2825138824284077 0
1669083974207 0.28022532922029497 0
1669084021350 0.2788317479789257 0
1669084068551 0.2775367299616337 0
1669084115369 0.27656526657938957 0
1669084162061 0.2757022172212601 0
1669084208767 0.2749145753979683 0
1669084255472 0.2742324007451534 0
1669084302215 0.27371346893906595 0
1669084348917 0.2730588372051716 0
1669084395625 0.2724978597164154 0
1669084442330 0.2720129465162754 0
1669084489031 0.2715066260397434 0
1669084535732 0.271019890666008 0
1669084582426 0.27065039560198784 0
1669084629119 0.270310915440321 0
1669084675840 0.27002466639876366 0
1669084722788 0.26957092654705045 0
1669084769689 0.2693766982257366 0
1669084816535 0.2690230451822281 0
1669084863260 0.2688157403469086 0
1669084909959 0.26828012707829474 0
1669084956639 0.26787526389956473 0
1669085003355 0.2675579199492931 0
1669085050068 0.2671923013329506 0
1669085096813 0.2668633704483509 0
1669085143600 0.26648970326781274 0
1669085190356 0.26615590006113055 0
1669085237106 0.26578693789243696 0
1669085283828 0.26557023292779924 0
1669085330518 0.26527855280041696 0
1669085377219 0.26502119064331053 0
1669085423911 0.26473217380046843 0
1669085470640 0.2645011159181595 0
1669085517383 0.26411143654584884 0
1669085564096 0.2640209609270096 0
1669085610805 0.26378336137533187 0
1669085657473 0.2636437713801861 0
1669085704023 0.26350790229439736 0
1669085750561 0.2632081390321255 0
1669085797070 0.2630484965145588 0
1669085843479 0.2629515665173531 0
1669085889881 0.26264489904046057 0
1669085936272 0.26252838140726087 0
1669085982690 0.26228342443704605 0
1669086029381 0.2621157192289829 0
1669086076583 0.2619137653410435 0
1669086123648 0.2617977550327778 0
1669086170822 0.26173370218276976 0
1669086217628 0.26158141320943834 0
1669086264510 0.2613457553982735 0
1669086311528 0.26137882059812545 0
1669086358610 0.26128775072097776 0
1669086405700 0.2611440772712231 0
1669086452742 0.2610897618830204 0
1669086499215 0.26088450050354006 0
1669086545602 0.2608014726042748 0
1669086591993 0.26080810606479643 0
1669086638395 0.26055380555987356 0
1669086684781 0.2604667388498783 0
1669086731209 0.26025457125902174 0
1669086777633 0.26025452101230623 0
1669086824033 0.26030715349316597 0
1669086870443 0.260168682217598 0
1669086916828 0.25999695107340814 0
1669086963227 0.2599347378313541 0
1669087009622 0.25984628200531007 0
1669087056012 0.2597737214565277 0
1669087102403 0.25963668394088746 0
1669087148806 0.25958616042137145 0
1669087195196 0.25967662876844405 0
1669087241558 0.2594577768445015 0
1669087287945 0.25924812468886377 0
1669087334304 0.25919466975331307 0
1669087380688 0.25916964998841285 0
1669087427075 0.2591707506477833 0
1669087473468 0.2589511363506317 0
1669087519871 0.25955056375265123 0
1669087566293 0.2590975128412247 0
1669087613006 0.25887590315937997 0
1669087659471 0.25910055512189867 0
1669087706151 0.2587256917953491 0
1669087752756 0.25862879782915116 0
1669087799322 0.258659832328558 0
1669087845893 0.25855908980965614 0
1669087892448 0.25864708644151685 0
1669087939025 0.2584856913983822 0
