1668897792503 0.2880268417596817 0
1668897838438 0.28302381694316864 0
1668897884483 0.2811887781918049 0
1668897930562 0.2802765762209892 0
1668897976659 0.27961659252643584 0
1668898022560 0.27918812713027 0
1668898068549 0.27879603868722913 0
1668898114463 0.278505615323782 0
1668898160379 0.27818031802773474 0
1668898206684 0.2780012983977795 0
1668898252565 0.2778185163140297 0
1668898298473 0.27765045484900475 0
1668898344368 0.2775014462172985 0
1668898391480 0.2773638989329338 0
1668898443352 0.27722285690903664 0
1668898495295 0.27709191957116125 0
1668898547486 0.27697360736131665 0
1668898599644 0.2768831833302975 0
1668898651511 0.2768417866230011 0
1668898703167 0.27675521817803383 0
1668898754884 0.2767574296295643 0
1668898806641 0.27667805314064026 0
1668898858440 0.27667470440268516 0
1668898910330 0.27663540187478064 0
1668898962274 0.27650833263993263 0
1668899014181 0.2764996245205402 0
1668899066098 0.2764212402999401 0
1668899117929 0.2764025546312332 0
1668899169685 0.276350506067276 0
1668899219487 0.2763114794194698 0
1668899265304 0.2762876277863979 0
1668899311087 0.27643434825539587 0
1668899357267 0.2762686499655247 0
1668899404672 0.2762690556049347 0
1668899455603 0.27620841708779337 0
1668899507244 0.27617900681495666 0
1668899558854 0.2761937612593174 0
1668899610584 0.2761654754579067 0
1668899662392 0.2761399974822998 0
1668899714112 0.2761178218722343 0
1668899765837 0.2760709038674831 0
1668899817413 0.2760439800620079 0
1668899869063 0.27607534536719325 0
1668899920759 0.2760454426109791 0
1668899972524 0.27604167547822 0
1668900024213 0.27603426679968834 0
1668900075859 0.2760042644143105 0
1668900127496 0.27601230749487876 0
1668900179207 0.2761592313349247 0
1668900230166 0.27595607861876487 0
1668900276003 0.27595400801301 0
1668900321842 0.2759551596045494 0
1668900367671 0.27594112437963486 0
1668900413593 0.2759018689990044 0
1668900459470 0.27588983088731767 0
1668900505190 0.2758735568523407 0
1668900551209 0.27594487243890764 0
1668900597400 0.27581127509474757 0
1668900643628 0.27550306224822996 0
1668900689854 0.27524555867910383 0
1668900736164 0.27495019817352295 0
1668900782487 0.2746872110068798 0
1668900828761 0.27455917119979856 0
1668900874877 0.2744736513197422 0
1668900921009 0.274346509039402 0
1668900967144 0.2742495391666889 0
1668901013701 0.2742077274918556 0
1668901064163 0.27404456022381785 0
1668901118019 0.2738973153233528 0
1668901171855 0.2737605118453503 0
1668901225587 0.2736846968829632 0
1668901279217 0.2736067068576813 0
1668901332855 0.2735514319241047 0
1668901386548 0.27342860385775564 0
1668901440160 0.27331136921048166 0
1668901493768 0.27323372703790666 0
1668901547515 0.27319012892246247 0
1668901601001 0.2731337812244892 0
1668901654528 0.2730374051630497 0
1668901708179 0.27305330020189283 0
1668901761860 0.2729739570915699 0
1668901815682 0.272990274310112 0
1668901869448 0.2728302075564861 0
1668901923252 0.2727899342775345 0
1668901977094 0.2728430150449276 0
1668902030859 0.27275958678126333 0
1668902080465 0.2726759933531284 0
1668902126806 0.2725688555836678 0
1668902172996 0.2725537747442722 0
1668902219112 0.27267018213868144 0
1668902265700 0.272464042454958 0
1668902314212 0.27240497931838037 0
1668902360805 0.2723142006099224 0
1668902407040 0.2723670648038387 0
1668902453104 0.2722203431129456 0
1668902499479 0.27219898501038553 0
1668902545499 0.27209367975592613 0
1668902591367 0.27209703540802 0
1668902637278 0.27207515507936475 0
1668902683156 0.2720588139295578 0
