1668828843456 0.28626119151711465 0
1668828890657 0.28511502385139464 0
1668828937792 0.2838656620681286 0
1668828984917 0.28168985509872435 0
1668829031954 0.2795741448700428 0
1668829078907 0.2780820662379265 0
1668829126005 0.2771974595487118 0
1668829173029 0.2763112606704235 0
1668829220282 0.275671303242445 0
1668829267357 0.27512099376320837 0
1668829316726 0.27443574485182765 0
1668829363138 0.27387692672014236 0
1668829409504 0.27352213287353516 0
1668829455921 0.2730882202386856 0
1668829502362 0.2728412155210972 0
1668829548788 0.2725635950565338 0
1668829595231 0.2722902993857861 0
1668829641670 0.2720791072845459 0
1668829688124 0.2718290384709835 0
1668829734525 0.2715784713029861 0
1668829780904 0.27129847440123556 0
1668829827254 0.2712216357290745 0
1668829873592 0.2709505486488342 0
1668829919928 0.2708389355242252 0
1668829966946 0.2707226340472698 0
1668830013257 0.270489511013031 0
1668830059620 0.27035114574432373 0
1668830105980 0.2701608992815018 0
1668830152355 0.2700719111561775 0
1668830198763 0.26988945791125296 0
1668830245760 0.2698036816418171 0
1668830292139 0.26962715831398965 0
1668830338427 0.2696133341193199 0
1668830384747 0.2694442605376244 0
1668830431038 0.26936777088046077 0
1668830479685 0.2693034238815308 0
1668830526077 0.26920943957567217 0
1668830572526 0.2691302178800106 0
1668830618945 0.2691165356338024 0
1668830665330 0.2692612716555595 0
1668830711723 0.26895281827449796 0
1668830758069 0.26882583019137385 0
1668830804484 0.2691252456009388 0
1668830850864 0.2687976333796978 0
1668830897584 0.26851811292767525 0
1668830944404 0.26852399718761444 0
1668830991225 0.2684220717549324 0
1668831037968 0.2683348036706448 0
1668831084716 0.2683271576166153 0
1668831133140 0.2682187532186508 0
1668831179962 0.26817183434963227 0
1668831226771 0.2681256222724915 0
1668831273616 0.2679713742434979 0
1668831320382 0.2679154982864857 0
1668831367196 0.26793521898984907 0
1668831413912 0.2677646430432796 0
1668831460105 0.26775623911619184 0
1668831506208 0.26769787263870237 0
1668831552282 0.2676953054070473 0
1668831601102 0.26764117655158043 0
1668831647116 0.2677270687818527 0
1668831693097 0.2675188284218311 0
1668831738951 0.2676010049283504 0
1668831784974 0.26744472497701643 0
1668831830980 0.2674343216717243 0
1668831876957 0.2673693036735058 0
1668831922995 0.2673672000169754 0
1668831968999 0.267275504976511 0
1668832015113 0.2673141793310642 0
1668832061155 0.2672590660750866 0
1668832107171 0.26724271109700204 0
1668832153169 0.26719031122326853 0
1668832199206 0.26721378472447394 0
1668832245264 0.26710313487052917 0
1668832291271 0.2671745609343052 0
1668832337208 0.2670997044742107 0
1668832383127 0.2671037264168262 0
1668832429094 0.2670364882051945 0
1668832475090 0.26700098666548727 0
1668832521083 0.2670294216871262 0
1668832567100 0.2670178136229515 0
1668832613088 0.2670032561123371 0
1668832659111 0.26702314308285713 0
1668832705138 0.2669348272383213 0
1668832751088 0.266931264013052 0
1668832797013 0.26689104762673377 0
1668832842961 0.26688875356316566 0
1668832889051 0.26684722253680226 0
1668832935087 0.2668119630217552 0
1668832981120 0.26681718522310255 0
1668833027082 0.2666731725037098 0
1668833076409 0.26668240588903425 0
1668833122324 0.26663599702715873 0
1668833168256 0.2665167862474918 0
1668833214036 0.2665079306960106 0
1668833259735 0.266397075086832 0
1668833305469 0.2664414131641388 0
1668833351238 0.26635016733407973 0
1668833396920 0.2661881591975689 0
1668833442505 0.2661403452754021 0
