1668824668085 0.17990937066078186 0
1668824713230 0.17806096351146697 0
1668824758344 0.17715112349390982 0
1668824803462 0.17628780594468116 0
1668824848611 0.17562052634358405 0
1668824893744 0.17505891039967536 0
1668824938866 0.17451476007699968 0
1668824984001 0.17395260852575303 0
1668825029140 0.17335430216789247 0
1668825074262 0.17279507875442504 0
1668825119397 0.17227358347177504 0
1668825164572 0.1718467582166195 0
1668825209710 0.1714782592356205 0
1668825254865 0.17113123738765718 0
1668825299970 0.17086458721756936 0
1668825345002 0.17062594625353814 0
1668825390051 0.17043622687458992 0
1668825435099 0.17021409362554552 0
1668825480119 0.17001225593686103 0
1668825525137 0.16984871926903725 0
1668825570151 0.16969295787811278 0
1668825615174 0.16948637804389 0
1668825660199 0.16932062104344367 0
1668825705209 0.16918732434511186 0
1668825750226 0.16903799149394036 0
1668825795243 0.16893817874789238 0
1668825840286 0.1688250267803669 0
1668825885331 0.16864139240980147 0
1668825930376 0.16852330788969994 0
1668825975423 0.16843101727962495 0
1668826020467 0.16832638722658158 0
1668826065510 0.16821273612976073 0
1668826110565 0.1681868759393692 0
1668826155589 0.1680436680018902 0
1668826200606 0.16794484370946886 0
1668826245621 0.1678541146814823 0
1668826290640 0.16776866012811661 0
1668826335655 0.1677208644747734 0
1668826380708 0.1676794812679291 0
1668826425716 0.16759230288863183 0
1668826470737 0.167486383497715 0
1668826515770 0.1674424812197685 0
1668826560815 0.16743619632720946 0
1668826605889 0.1673864643275738 0
1668826650962 0.16735492184758186 0
1668826696018 0.16727211412787438 0
1668826741065 0.16722111678123475 0
1668826786096 0.1671602530181408 0
1668826831145 0.16714215686917305 0
1668826876218 0.16707979667186737 0
