1668897792884 0.2866947196125984 0
1668897839234 0.2849720747470856 0
1668897885011 0.2834597912728786 0
1668897930809 0.28244852790236474 0
1668897976591 0.28042948770523074 0
1668898022357 0.27847986739873887 0
1668898068146 0.2772313638031483 0
1668898113917 0.2763691771924496 0
1668898159689 0.27569313234090803 0
1668898206268 0.2752395575344563 0
1668898252710 0.27465252903103826 0
1668898299155 0.2742828230857849 0
1668898345597 0.27393350771069525 0
1668898393073 0.27362792551517484 0
1668898439062 0.27333356338739395 0
1668898485040 0.2731248892247677 0
1668898531070 0.272905700057745 0
1668898577059 0.2727480015158653 0
1668898623025 0.27256730356812475 0
1668898669012 0.27234859627485275 0
1668898715009 0.2722496584057808 0
1668898760978 0.27208026733994484 0
1668898806947 0.27196799239516256 0
1668898852947 0.27171092659235 0
1668898898954 0.2719521269500256 0
1668898944932 0.2715515651702881 0
1668898990889 0.27146722066402434 0
1668899036842 0.27152378755807877 0
1668899082813 0.27138732293248174 0
1668899128792 0.27122440248727797 0
1668899174771 0.27107527312636376 0
1668899220802 0.2710709590911865 0
1668899266728 0.2712702268064022 0
1668899312670 0.27104033720493315 0
1668899358632 0.2708007483482361 0
1668899405959 0.2706180344223976 0
1668899452592 0.2705475257337093 0
1668899499133 0.2707536668777466 0
1668899545719 0.2705845693349838 0
1668899592350 0.27064080476760866 0
1668899638989 0.27039506483078 0
1668899685643 0.27029680395126343 0
1668899732277 0.2702999647855759 0
1668899778912 0.2701565915644169 0
1668899825623 0.27008809807896617 0
1668899872317 0.270209337413311 0
1668899919002 0.2704791703522205 0
1668899965629 0.2700450858771801 0
1668900012293 0.26990280213952067 0
1668900058891 0.2699255931973457 0
1668900105549 0.2697893353104591 0
1668900152167 0.26975342839956284 0
1668900198728 0.2697326934337616 0
1668900245296 0.26963447827100756 0
1668900291706 0.2697314954996109 0
1668900338137 0.2696194386184216 0
1668900384527 0.26955559238791466 0
1668900431035 0.26960834077000617 0
1668900477467 0.2695940373837948 0
1668900523960 0.2694726570248604 0
1668900570458 0.26931705754995344 0
1668900616971 0.26938066762685775 0
1668900663492 0.26921658620238303 0
1668900710011 0.2691173215508461 0
1668900756544 0.2690705565214157 0
1668900802972 0.26900512304902074 0
1668900849054 0.2690432417392731 0
1668900895129 0.2689168500006199 0
1668900941222 0.26870536589622496 0
1668900987289 0.26857077676057817 0
1668901035426 0.2685195562541485 0
1668901081563 0.26844024181365966 0
1668901127682 0.26846073696017264 0
1668901173906 0.2682351541519165 0
1668901220012 0.26842817959189413 0
1668901266083 0.2681194359362125 0
1668901312205 0.2681408824622631 0
1668901358360 0.2679133181869984 0
1668901404504 0.2678834389448166 0
1668901450651 0.2678918724656105 0
1668901496790 0.2677973325252533 0
1668901542978 0.2678062438964844 0
1668901589134 0.2675984312593937 0
1668901635323 0.2677568907141685 0
1668901681462 0.26741483429074286 0
1668901727609 0.26750337490439413 0
1668901773760 0.26756932577490805 0
1668901819888 0.26722859916090963 0
1668901866010 0.2672956938147545 0
1668901912178 0.2671372933089733 0
1668901958360 0.26747350457310676 0
1668902004479 0.26703191381692887 0
1668902050611 0.2669811126291752 0
1668902097074 0.2669154674112797 0
1668902143494 0.2668955162465572 0
1668902189922 0.2672088529467583 0
1668902236359 0.266880765914917 0
1668902282867 0.2667272328734398 0
1668902329157 0.2666978231668472 0
1668902375641 0.266693299561739 0
