1668380277569 0.21034479141235352 0
1668380288264 0.20768707990646362 0
1668380298907 0.2053818255662918 0
1668380309530 0.2064560204744339 0
1668380320140 0.20443856716156006 0
1668380330840 0.20652522146701813 0
1668380341496 0.19545328617095947 0
1668380352092 0.1923103928565979 0
1668380362715 0.20368097722530365 0
1668380373389 0.2048400640487671 0
1668380384095 0.19651633501052856 0
1668380394718 0.1999739110469818 0
1668380405310 0.19406083226203918 0
1668380415919 0.1937515139579773 0
1668380426560 0.19543646275997162 0
1668380437142 0.19848300516605377 0
1668380447709 0.1921706199645996 0
1668380458324 0.18251265585422516 0
1668380468951 0.19166989624500275 0
1668380479528 0.19442129135131836 0
1668380490106 0.1940113753080368 0
1668380500712 0.19840367138385773 0
1668380511349 0.18902093172073364 0
1668380521946 0.19319374859333038 0
1668380532504 0.19108903408050537 0
1668380543138 0.1962127834558487 0
