1669081361150 0.49067356189092 0
1669081361747 0.48994003732999164 0
1669081362323 0.4892081419626872 0
1669081362900 0.4882997125387192 0
1669081363475 0.48716210822264355 0
1669081364051 0.48572608331839245 0
1669081364628 0.48390360673268634 0
1669081365205 0.4816291183233261 0
1669081365785 0.47888672600189847 0
1669081366370 0.4757198120156924 0
1669081366954 0.4721992661555608 0
1669081367538 0.4684005106488864 0
1669081368122 0.4644617512822151 0
1669081368705 0.4604153111577034 0
1669081369288 0.4562862043579419 0
1669081369873 0.4521131068468094 0
1669081370456 0.4478897253672282 0
1669081371039 0.4436632841825485 0
1669081371622 0.439554659028848 0
1669081372204 0.4356151819229126 0
1669081372787 0.431852251291275 0
1669081373396 0.42827552805344266 0
1669081373979 0.4248526692390442 0
1669081374562 0.42156412204106647 0
1669081375144 0.4184202452500661 0
1669081375726 0.41542017211516696 0
1669081376308 0.4125709906220436 0
1669081376892 0.40988239645957947 0
1669081377474 0.40734993914763135 0
1669081378057 0.4049593433737755 0
1669081378640 0.40268896023432416 0
1669081379224 0.40051665157079697 0
1669081379806 0.3984241510430972 0
1669081380390 0.39639844248692196 0
1669081380972 0.3944385175903638 0
1669081381557 0.3925621286034584 0
1669081382141 0.39079248408476513 0
1669081382722 0.3891337141394615 0
1669081383301 0.38756834467252094 0
1669081383879 0.38607659190893173 0
1669081384455 0.3846455638607343 0
1669081385032 0.38327059398094815 0
1669081385608 0.38195327669382095 0
1669081386188 0.38069595644871396 0
1669081386770 0.37949824581543606 0
1669081387352 0.37835834672053653 0
1669081387932 0.3772747417291005 0
1669081388532 0.376247634490331 0
1669081389108 0.37527797122796375 0
1669081389684 0.37436530490716297 0
1669081390265 0.3735031609733899 0
1669081390849 0.3726777682701747 0
1669081391433 0.37186748534440994 0
1669081392017 0.3710463022192319 0
1669081392601 0.3701908588409424 0
1669081393185 0.36929624527692795 0
1669081393766 0.3683955942591031 0
1669081394345 0.3675534625848134 0
1669081394923 0.36682139337062836 0
1669081395500 0.36620260526736576 0
1669081396077 0.3656727820634842 0
1669081396661 0.3652077044049899 0
1669081397244 0.3647899255156517 0
1669081397829 0.36440761138995487 0
1669081398406 0.36405325929323834 0
1669081398982 0.3637208665410678 0
1669081399559 0.3634047731757164 0
1669081400135 0.3631000469128291 0
1669081400712 0.36280272901058197 0
1669081401291 0.3625098044673602 0
1669081401868 0.3622201904654503 0
1669081402445 0.3619341775774956 0
1669081403021 0.36165328572193783 0
1669081403622 0.36137910683949787 0
1669081404198 0.36111043641964596 0
1669081404774 0.36083971460660297 0
1669081405351 0.36055659502744675 0
1669081405927 0.3602721691131592 0
1669081406504 0.35997409373521805 0
1669081407081 0.3596520349383354 0
1669081407657 0.35931596159935 0
1669081408235 0.35899244000514346 0
1669081408811 0.358703576028347 0
1669081409387 0.3584502140680949 0
1669081409965 0.35821939756472904 0
1669081410543 0.357996662457784 0
1669081411120 0.35777081300814945 0
1669081411699 0.3575372075041135 0
1669081412278 0.35729899257421494 0
1669081412855 0.3570607751607895 0
1669081413434 0.3568238466978073 0
1669081414010 0.3565886815388997 0
1669081414587 0.35635607192913693 0
1669081415163 0.35612713793913525 0
1669081415740 0.3559024433294932 0
1669081416318 0.35568156590064365 0
1669081416896 0.3554646000266075 0
1669081417474 0.3552527104814847 0
1669081418051 0.3550487160682678 0
1669081418652 0.35485561688741046 0
