1668382193882 0.21053077280521393 0
1668382204919 0.21037456393241882 0
1668382215888 0.2104259729385376 0
1668382226780 0.21018579602241516 0
1668382237696 0.21032646298408508 0
1668382248673 0.21010734140872955 0
1668382259704 0.2103492021560669 0
1668382270720 0.2105007767677307 0
1668382281678 0.21050703525543213 0
1668382292666 0.21017397940158844 0
1668382303708 0.21031291782855988 0
1668382314712 0.21028156578540802 0
1668382325656 0.21019034087657928 0
1668382336607 0.2102508842945099 0
1668382347622 0.21041995286941528 0
1668382358659 0.21020817756652832 0
1668382369644 0.2101368010044098 0
1668382380592 0.21028399467468262 0
1668382391546 0.21042309701442719 0
1668382402554 0.2099783718585968 0
1668382413532 0.2102438360452652 0
1668382424499 0.21042247116565704 0
1668382435450 0.2099619209766388 0
1668382446428 0.21006496250629425 0
1668382457396 0.20988894999027252 0
1668382468293 0.20943917334079742 0
1668382479133 0.20888859033584595 0
1668382490055 0.2083991914987564 0
1668382500977 0.20986880362033844 0
1668382511860 0.20859026908874512 0
1668382522676 0.20848092436790466 0
1668382533673 0.20857565104961395 0
1668382544702 0.2084827572107315 0
1668382555661 0.20739738643169403 0
1668382566560 0.20545384287834167 0
1668382577541 0.20847153663635254 0
1668382588576 0.2068547010421753 0
1668382599610 0.20168143510818481 0
1668382610593 0.2045065015554428 0
1668382621577 0.2022283673286438 0
1668382632617 0.2077963948249817 0
1668382643608 0.20878252387046814 0
1668382654595 0.20855332911014557 0
1668382665587 0.2080346792936325 0
1668382676602 0.20726729929447174 0
1668382687663 0.20453529059886932 0
1668382698599 0.20857244729995728 0
1668382709481 0.20486152172088623 0
1668382720458 0.1991267055273056 0
1668382731364 0.20766159892082214 0
1668382742298 0.2075626701116562 0
1668382753222 0.20132774114608765 0
1668382764188 0.1992773711681366 0
1668382775063 0.20095784962177277 0
1668382785979 0.20598255097866058 0
1668382796843 0.20935317873954773 0
1668382807756 0.2047005146741867 0
1668382818652 0.2107115089893341 0
1668382829524 0.2083268165588379 0
1668382840410 0.205345019698143 0
1668382851337 0.2095371037721634 0
1668382862240 0.21088142693042755 0
1668382873119 0.21047446131706238 0
1668382884025 0.21176105737686157 0
1668382894927 0.20078127086162567 0
1668382905827 0.20071876049041748 0
1668382916702 0.21019911766052246 0
1668382927532 0.20479418337345123 0
1668382938498 0.2069426029920578 0
1668382949453 0.19994884729385376 0
1668382960390 0.20032179355621338 0
1668382971282 0.20777589082717896 0
1668382982272 0.20413412153720856 0
1668382993221 0.20416010916233063 0
1668383004114 0.20972850918769836 0
1668383014981 0.20960673689842224 0
1668383025945 0.2002646028995514 0
1668383036912 0.20377108454704285 0
1668383047836 0.20891982316970825 0
1668383058751 0.2017984688282013 0
1668383069706 0.19975213706493378 0
1668383080713 0.2048356831073761 0
1668383091609 0.20086371898651123 0
1668383102503 0.20645266771316528 0
1668383113416 0.20358429849147797 0
1668383124434 0.1965157836675644 0
1668383135333 0.20656943321228027 0
1668383146214 0.20707260072231293 0
1668383157171 0.20918379724025726 0
1668383168150 0.21109962463378906 0
1668383179268 0.19395475089550018 0
1668383190201 0.20014959573745728 0
1668383201109 0.2099214792251587 0
1668383212072 0.20411711931228638 0
1668383222962 0.19939164817333221 0
1668383233858 0.2023027092218399 0
1668383244719 0.19726169109344482 0
1668383255606 0.2100498229265213 0
1668383266556 0.20626986026763916 0
1668383277478 0.2026536762714386 0
1668383288376 0.1998634934425354 0
1668383299401 0.20765286684036255 0
1668383310325 0.19343966245651245 0
1668383321234 0.19887371361255646 0
1668383332130 0.20678573846817017 0
1668383343100 0.19890783727169037 0
1668383354074 0.19319096207618713 0
1668383364979 0.20250213146209717 0
1668383375893 0.20237749814987183 0
1668383386912 0.2002839893102646 0
1668383397846 0.2097938358783722 0
1668383408756 0.20365731418132782 0
1668383419646 0.20930565893650055 0
1668383430636 0.20375093817710876 0
1668383441594 0.20500314235687256 0
1668383452478 0.200428768992424 0
1668383463387 0.19675830006599426 0
1668383474371 0.20725198090076447 0
1668383485345 0.19500555098056793 0
1668383496251 0.20557519793510437 0
1668383507165 0.2034742385149002 0
1668383518130 0.2074510008096695 0
1668383529108 0.20527762174606323 0
1668383540008 0.2096191793680191 0
1668383550949 0.20981569588184357 0
1668383561937 0.2095191776752472 0
1668383572927 0.2025391310453415 0
1668383583835 0.20830512046813965 0
1668383594753 0.20350785553455353 0
1668383605702 0.19828982651233673 0
1668383616673 0.2073364406824112 0
1668383627582 0.2066723257303238 0
1668383638469 0.2056712508201599 0
1668383649434 0.2027226686477661 0
1668383660365 0.20583610236644745 0
1668383671408 0.20111943781375885 0
1668383682340 0.20587176084518433 0
1668383693235 0.20782425999641418 0
1668383704215 0.1999780684709549 0
1668383715211 0.1974421888589859 0
1668383726196 0.2006097286939621 0
1668383737117 0.20681670308113098 0
1668383748105 0.209633469581604 0
1668383759036 0.2006206214427948 0
1668383769973 0.20963336527347565 0
1668383780857 0.20376232266426086 0
1668383791854 0.19923891127109528 0
1668383802799 0.20426039397716522 0
1668383813668 0.19292038679122925 0
1668383824636 0.20873503386974335 0
1668383835641 0.2062808871269226 0
1668383846541 0.20120945572853088 0
1668383857387 0.19824787974357605 0
1668383868280 0.20622318983078003 0
1668383879210 0.20223310589790344 0
1668383890140 0.20444339513778687 0
1668383900986 0.20506083965301514 0
1668383911843 0.20440742373466492 0
1668383922829 0.20469482243061066 0
1668383933770 0.20540264248847961 0
1668383944678 0.1994289606809616 0
1668383955597 0.1973520815372467 0
1668383966639 0.20031875371932983 0
1668383977650 0.19849169254302979 0
1668383988652 0.20095257461071014 0
1668383999511 0.209945410490036 0
1668384010478 0.20598724484443665 0
1668384021385 0.20191779732704163 0
1668384032263 0.1988563984632492 0
1668384043162 0.1927974969148636 0
1668384054105 0.20726042985916138 0
1668384065044 0.20366862416267395 0
1668384075928 0.21012505888938904 0
1668384086786 0.20617730915546417 0
1668384097633 0.20164121687412262 0
1668384108621 0.19405247271060944 0
1668384119495 0.20911867916584015 0
1668384130324 0.2014978975057602 0
1668384141157 0.20473606884479523 0
1668384152082 0.2022581398487091 0
1668384163148 0.195813849568367 0
1668384174032 0.20506221055984497 0
1668384184858 0.20339584350585938 0
1668384195799 0.20151470601558685 0
1668384206754 0.20062801241874695 0
1668384217608 0.20307405292987823 0
1668384228452 0.19483311474323273 0
1668384239364 0.20299197733402252 0
1668384250235 0.19662614166736603 0
1668384261091 0.20552276074886322 0
1668384271980 0.19759730994701385 0
1668384282906 0.2058006376028061 0
1668384293799 0.20397135615348816 0
1668384304668 0.2074556052684784 0
1668384315594 0.20151236653327942 0
1668384326545 0.20371770858764648 0
1668384337444 0.20536209642887115 0
1668384348329 0.20422309637069702 0
1668384359221 0.1952619105577469 0
1668384370145 0.20604902505874634 0
1668384381039 0.20542094111442566 0
1668384391945 0.19348248839378357 0
1668384402820 0.19783057272434235 0
1668384413748 0.20430655777454376 0
1668384424651 0.19761762022972107 0
1668384435508 0.2061409056186676 0
1668384446376 0.19151881337165833 0
1668384457281 0.19643667340278625 0
1668384468219 0.20320507884025574 0
1668384479087 0.19955649971961975 0
1668384489967 0.206537663936615 0
1668384500888 0.19799630343914032 0
1668384511800 0.20277255773544312 0
1668384522657 0.20320262014865875 0
1668384533488 0.2049781233072281 0
1668384544357 0.2000330537557602 0
1668384555336 0.1998542994260788 0
1668384566215 0.19848625361919403 0
1668384577070 0.2033657282590866 0
1668384587932 0.2048451155424118 0
1668384598870 0.19277773797512054 0
1668384609802 0.19893573224544525 0
1668384620666 0.20821908116340637 0
1668384631562 0.20311793684959412 0
1668384642504 0.2067192643880844 0
1668384653610 0.20116093754768372 0
1668384664588 0.2013234943151474 0
1668384675499 0.2035924792289734 0
1668384686492 0.20937034487724304 0
1668384697413 0.20432652533054352 0
1668384708323 0.20239926874637604 0
1668384719250 0.1998385787010193 0
1668384730227 0.19707103073596954 0
1668384741175 0.20829343795776367 0
1668384752159 0.20794102549552917 0
1668384763150 0.20371723175048828 0
1668384774192 0.20405682921409607 0
1668384785174 0.2004079669713974 0
1668384796124 0.19968076050281525 0
1668384807089 0.19147039949893951 0
1668384818100 0.1971173733472824 0
1668384829119 0.19854147732257843 0
1668384840083 0.1960008591413498 0
1668384851073 0.19707868993282318 0
1668384862087 0.20295317471027374 0
1668384873087 0.19561991095542908 0
1668384884049 0.20756781101226807 0
1668384895048 0.19668559730052948 0
1668384906067 0.20101338624954224 0
1668384917054 0.2033771574497223 0
1668384927973 0.20228911936283112 0
1668384938912 0.20518715679645538 0
1668384949918 0.2016427218914032 0
1668384960977 0.19817619025707245 0
1668384971984 0.20193271338939667 0
1668384982927 0.20090125501155853 0
1668384993951 0.19627569615840912 0
1668385004860 0.1998184770345688 0
1668385015689 0.20060601830482483 0
1668385026563 0.20235006511211395 0
1668385037513 0.19668883085250854 0
1668385048528 0.19803369045257568 0
1668385059408 0.19644547998905182 0
1668385070303 0.2057410180568695 0
1668385081161 0.20423874258995056 0
1668385092157 0.20844140648841858 0
1668385103006 0.20259568095207214 0
1668385113826 0.20444361865520477 0
1668385124704 0.19932398200035095 0
1668385135693 0.18941015005111694 0
1668385146805 0.20147249102592468 0
1668385157736 0.20193146169185638 0
1668385168649 0.2037540227174759 0
1668385179595 0.2013692408800125 0
1668385190462 0.19899357855319977 0
1668385201374 0.1960507035255432 0
1668385212241 0.20076103508472443 0
1668385223114 0.19691376388072968 0
1668385233996 0.20813962817192078 0
1668385244840 0.19997291266918182 0
1668385255785 0.2063215970993042 0
1668385266738 0.20734570920467377 0
1668385277676 0.20101724565029144 0
1668385288541 0.19964510202407837 0
1668385299495 0.20149870216846466 0
1668385310363 0.2063269168138504 0
1668385321341 0.19988888502120972 0
1668385332341 0.20315466821193695 0
1668385343295 0.19513066112995148 0
1668385354317 0.20338615775108337 0
1668385365227 0.19414064288139343 0
1668385376183 0.19638174772262573 0
1668385387135 0.20146462321281433 0
1668385398124 0.20221492648124695 0
1668385409139 0.19718126952648163 0
1668385418040 0.1930459439754486 0
1668385429067 0.1918896585702896 0
1668385440094 0.1978708803653717 0
1668385451146 0.199593648314476 0
1668385462145 0.20108623802661896 0
1668385473155 0.20335766673088074 0
1668385484148 0.19188407063484192 0
1668385495206 0.19789013266563416 0
1668385506232 0.2060181200504303 0
1668385517211 0.19869203865528107 0
1668385528219 0.1957482397556305 0
1668385539297 0.2041226029396057 0
1668385550290 0.1965438574552536 0
1668385561253 0.19828857481479645 0
1668385572247 0.20797286927700043 0
1668385583265 0.19728145003318787 0
1668385594299 0.19646196067333221 0
1668385605291 0.19514451920986176 0
1668385616292 0.20311786234378815 0
1668385627305 0.20775042474269867 0
1668385638447 0.20237931609153748 0
1668385649380 0.20661453902721405 0
1668385660290 0.19505774974822998 0
1668385671327 0.20540465414524078 0
1668385682353 0.20804545283317566 0
1668385693320 0.19739274680614471 0
1668385704263 0.20140406489372253 0
1668385715227 0.19272175431251526 0
1668385726235 0.20671798288822174 0
1668385737217 0.19929464161396027 0
1668385748142 0.19658787548542023 0
1668385759112 0.20187769830226898 0
1668385770190 0.20020560920238495 0
1668385781192 0.1965346336364746 0
1668385792128 0.19483071565628052 0
1668385803121 0.20237067341804504 0
1668385814172 0.19896145164966583 0
1668385825053 0.18813151121139526 0
1668385835996 0.19637587666511536 0
1668385846891 0.19115228950977325 0
1668385857835 0.19923798739910126 0
1668385868681 0.202277272939682 0
1668385879567 0.2039591372013092 0
1668385890465 0.2037288248538971 0
1668385901421 0.2027534693479538 0
1668385912310 0.19502680003643036 0
1668385923175 0.2014017254114151 0
1668385934113 0.19424331188201904 0
1668385945156 0.19454830884933472 0
1668385956075 0.20180851221084595 0
1668385966998 0.20216412842273712 0
1668385977970 0.1994941234588623 0
1668385989033 0.19183005392551422 0
1668385999884 0.19449907541275024 0
1668386010714 0.2009703367948532 0
1668386021544 0.19948045909404755 0
1668386032455 0.19870415329933167 0
1668386043322 0.2071118950843811 0
1668386054160 0.20133359730243683 0
1668386064984 0.20409725606441498 0
1668386075835 0.20635981857776642 0
1668386086741 0.2066202163696289 0
1668386097589 0.2006450742483139 0
1668386108496 0.20995807647705078 0
1668386119386 0.1879408359527588 0
1668386130511 0.19451050460338593 0
1668386141480 0.19944891333580017 0
1668386152291 0.1909436583518982 0
1668386163122 0.20078019797801971 0
1668386174067 0.1927988976240158 0
1668386184996 0.19697310030460358 0
1668386195820 0.20322231948375702 0
1668386206630 0.19386693835258484 0
1668386217456 0.20212721824645996 0
1668386228316 0.2004508376121521 0
1668386239188 0.20296180248260498 0
1668386250001 0.1982792764902115 0
1668386260819 0.19400493800640106 0
1668386271677 0.20508092641830444 0
1668386282554 0.19064515829086304 0
1668386293450 0.18773700296878815 0
1668386304356 0.20210453867912292 0
1668386315252 0.1904774308204651 0
1668386326207 0.19956380128860474 0
1668386337048 0.19971700012683868 0
1668386347876 0.19216060638427734 0
1668386358794 0.19943836331367493 0
1668386369725 0.20120039582252502 0
1668386380611 0.20306222140789032 0
1668386391444 0.2062108814716339 0
1668386402304 0.19069954752922058 0
1668386413246 0.19479776918888092 0
1668386424125 0.19880229234695435 0
1668386434936 0.20133349299430847 0
1668386445788 0.19641710817813873 0
1668386456708 0.19863390922546387 0
1668386467598 0.1945011466741562 0
1668386478456 0.2018321454524994 0
1668386489299 0.19723232090473175 0
1668386500233 0.1908593773841858 0
1668386511137 0.19340044260025024 0
1668386522020 0.20373453199863434 0
1668386532860 0.18716037273406982 0
1668386543655 0.19520199298858643 0
1668386554544 0.20026865601539612 0
1668386565438 0.19158270955085754 0
1668386576231 0.18597224354743958 0
1668386587016 0.19519197940826416 0
1668386597886 0.19369681179523468 0
1668386608731 0.19872534275054932 0
1668386619743 0.2044171839952469 0
1668386630666 0.2021958827972412 0
1668386641559 0.19931361079216003 0
1668386652449 0.20180100202560425 0
1668386663235 0.1982891857624054 0
1668386674066 0.19584062695503235 0
1668386684878 0.19119486212730408 0
1668386695782 0.20189696550369263 0
1668386706620 0.19160333275794983 0
1668386717429 0.20221292972564697 0
1668386728303 0.19965162873268127 0
1668386739206 0.20687896013259888 0
1668386750013 0.19761933386325836 0
1668386760864 0.20194581151008606 0
1668386771720 0.20352455973625183 0
1668386782544 0.20790883898735046 0
1668386793412 0.19982819259166718 0
1668386804215 0.1963479071855545 0
1668386815029 0.2029033750295639 0
1668386825867 0.19495312869548798 0
1668386836768 0.20278999209403992 0
1668386847591 0.2006237506866455 0
1668386858391 0.19848453998565674 0
1668386869230 0.20149347186088562 0
1668386880119 0.2002558708190918 0
1668386890952 0.19850832223892212 0
1668386901734 0.20273229479789734 0
1668386912564 0.20530565083026886 0
1668386923435 0.19283214211463928 0
1668386934304 0.19176407158374786 0
1668386945091 0.19735854864120483 0
1668386955981 0.19911248981952667 0
1668386966891 0.2006189376115799 0
1668386977789 0.19755195081233978 0
1668386988643 0.20316267013549805 0
1668386999484 0.19957371056079865 0
1668387010366 0.19324873387813568 0
1668387021286 0.20089679956436157 0
1668387032126 0.18785840272903442 0
1668387042926 0.20066791772842407 0
1668387053709 0.20210053026676178 0
1668387064633 0.1945040076971054 0
1668387075543 0.19210094213485718 0
1668387086415 0.20352184772491455 0
1668387097245 0.1936606764793396 0
1668387108243 0.2010326087474823 0
1668387119340 0.19668035209178925 0
1668387130242 0.19956621527671814 0
1668387141061 0.19712191820144653 0
1668387151902 0.19906465709209442 0
1668387162845 0.19460834562778473 0
1668387173745 0.19193892180919647 0
1668387184604 0.1916191726922989 0
1668387195457 0.194942906498909 0
1668387206365 0.19446520507335663 0
1668387217268 0.20579469203948975 0
1668387228142 0.19771088659763336 0
1668387238961 0.19893792271614075 0
1668387249823 0.19376569986343384 0
1668387260717 0.19086064398288727 0
1668387271568 0.2023891806602478 0
1668387282404 0.19433732330799103 0
1668387293227 0.20523621141910553 0
1668387304120 0.1946152001619339 0
1668387314988 0.19659669697284698 0
1668387325803 0.1917269229888916 0
1668387336668 0.20474399626255035 0
1668387347640 0.19473424553871155 0
1668387358522 0.19951191544532776 0
1668387369313 0.19444909691810608 0
1668387380068 0.18609718978405 0
1668387390883 0.20120880007743835 0
1668387401810 0.19839468598365784 0
1668387412680 0.20280689001083374 0
1668387423464 0.19708888232707977 0
1668387434282 0.20184817910194397 0
1668387445126 0.18758676946163177 0
1668387455960 0.1932009756565094 0
1668387466744 0.1907394826412201 0
1668387477519 0.19867265224456787 0
1668387488355 0.19094447791576385 0
1668387499206 0.19890788197517395 0
1668387510015 0.19446614384651184 0
1668387520854 0.19912882149219513 0
1668387531701 0.19872252643108368 0
1668387542566 0.196289524435997 0
1668387553433 0.2018342763185501 0
1668387564228 0.2004605531692505 0
1668387575004 0.1945774257183075 0
1668387585876 0.20300886034965515 0
1668387596749 0.20411626994609833 0
1668387607753 0.18738484382629395 0
1668387618598 0.19597284495830536 0
1668387629480 0.2008817344903946 0
1668387640314 0.18922832608222961 0
1668387651093 0.20292726159095764 0
1668387661916 0.19167950749397278 0
1668387672803 0.18692810833454132 0
1668387683689 0.19486939907073975 0
1668387694545 0.19413860142230988 0
1668387705425 0.1948506385087967 0
1668387716346 0.1951970010995865 0
1668387727339 0.19780464470386505 0
1668387738266 0.2010435312986374 0
1668387749108 0.19805966317653656 0
1668387760004 0.1921856850385666 0
1668387770883 0.1966407150030136 0
1668387781781 0.19776171445846558 0
1668387792621 0.1944817155599594 0
1668387803461 0.19940286874771118 0
1668387814380 0.18737922608852386 0
1668387825302 0.19473113119602203 0
1668387836165 0.20126165449619293 0
1668387847034 0.19348682463169098 0
1668387857892 0.20725052058696747 0
1668387868817 0.20014867186546326 0
1668387879760 0.19581617414951324 0
1668387890659 0.1931743025779724 0
1668387901538 0.20755499601364136 0
1668387912427 0.1937127262353897 0
1668387923207 0.19404080510139465 0
1668387933992 0.19806450605392456 0
1668387944816 0.19216851890087128 0
1668387955684 0.20426854491233826 0
1668387966596 0.2055390179157257 0
1668387977432 0.19523845613002777 0
1668387988287 0.19781839847564697 0
1668387999238 0.190301775932312 0
1668388010098 0.1986442357301712 0
1668388020865 0.18771988153457642 0
1668388031614 0.18926161527633667 0
1668388042373 0.1949736773967743 0
1668388053239 0.19424980878829956 0
1668388064039 0.1855483204126358 0
1668388074785 0.19925571978092194 0
1668388085534 0.19134198129177094 0
1668388096601 0.20022760331630707 0
1668388107490 0.19070172309875488 0
1668388118228 0.1963166445493698 0
1668388128992 0.19242636859416962 0
1668388139782 0.20111042261123657 0
1668388150634 0.198465496301651 0
1668388161413 0.19613026082515717 0
1668388172200 0.19453082978725433 0
1668388183032 0.19967833161354065 0
1668388193922 0.20060373842716217 0
1668388204831 0.19026178121566772 0
1668388215778 0.19357289373874664 0
1668388226758 0.1922275424003601 0
1668388237586 0.19572395086288452 0
1668388248462 0.19067686796188354 0
1668388259244 0.19199687242507935 0
1668388270033 0.19087469577789307 0
1668388280869 0.20296430587768555 0
1668388291773 0.20403259992599487 0
1668388302667 0.20308811962604523 0
1668388313567 0.19558098912239075 0
1668388324470 0.20161603391170502 0
1668388335430 0.1898452192544937 0
1668388346356 0.18439443409442902 0
